[28834 24411 14781 20599 93386 33803 98966   560 64652 32934]
[99187 63623   712 60146 74547 22815 40612 46719 68129 17069]
[50553 99378 11213 25223 52002 91770 84824 56601 97928  1140]
[97989 95405 19850 42049 99385  4336 74708 67803 58116 66962]
[58966 25317  7886 61105 99426 96871 48119 21234 87503 78755]
[ 9172 94780 16962 44954 16643 52425 29500 54996  5357 54662]
[62476 77078 84374 11611 54644 50656 23398  5498 26505   588]
[ 27408  61241  12168 101581  95482  48418  32358  93276   2650  39811]
[ 78808  13980  87569  87086  33939  72264  33288 101486  16799  23790]
[57655 48896 50077 13917 38619 89148 73166 99735 95328  2479]
[62747 47263 34799 17986 63034 73272  5416 29609 97318 22158]
[71362 76788  3726  4710  6514 40239 19962 42109 74898 41279]
[ 5378 33912 34330 38145 30497 62996 99759 31593  1398 24466]
[28975 51773 94746  8854  4471 26247 25140 99521 53531 66020]
[72991 74294  4087 23883 63708  6486 19275 45130  5604   245]
[22816 41089 22014 18271 28656 27103  3105  4566 84596  6383]
[ 9704 59155  3452 29933 99353 62908 89107 16801 89620 16616]
[29204 31521 73002 25202 27702 12238 58791 19813 14714 98016]
[46172 39710  1107 68267 49556 94451 13069   223 47489 15697]
[44949  5990 47149 30051 42823 99312 82475 75098  9155 74873]
[69346 28977 17492 24565 24910 54695 24524 46151 16734 55966]
[100967  73933  13482  98856    241  22448  19896 100164   8662   4752]
[51049 32136 98954 95217 98398 43509 51715 29749 59390 95872]
[20977 76141 52120 22877  5761 99206 89551 20203 26392 99593]
[63850 26084 41824 30381 42616 99659 89325   204  5753 24955]
[28764 77419 99761 91521 35688 27222 10773 80222 15169  6452]
[52041  3605  2955 19906 66634 25805 98828 67581 24436 86797]
[ 94442  32438 100057  74469  39630   6474  85457  37104  44674  88113]
[ 68026 100450  74357  59889  62277  63375  28439  56736   3103  19624]
[34908 15066 44752 24397 33373 20082 47762 58732  5052 93082]
[21439 74341 23155 86342 69765 27197 19288 78372 92909 24908]
[53530 95641 88461 23321 37640 22170 31131 52461 32671  5767]
[54481 17120 94220  4299 93284  2803 19457 35576 71789  9184]
[  1091   1216   7206 101490  93210   2420  91597  15713  92007  29598]
[87455 52709 23849 36427 44873 42731 60574 37536 44776 24276]
[87964 18339 66405 42171 21246 99625 60128 23477 61297 22631]
[59930  6473  7090 39288 87269 58416 92919 32624 57912 22429]
[98991  4449 93232  5826 78556 19519 63463 96697 92064 55867]
[ 72353  48897  42363 100995   8728 100156  30223  99138  44808   4789]
[  9783  62729   6606  56560 100964  11128  94672   7160  94206  59220]
[17421 31025 60931 59400 95274 10440 49889 11583   533 43794]
[49146 47483 60470 84598 45460 71119 12149 66190 53819 11908]
[94901 41274 98014 46122 39328  9145 22649 56367 97065 10928]
[24833 42952 33231 55627 98886 41383  5050  5182 40994 37307]
[57483 30322 73236 21736 16602 27900 98789  1772 69717 44784]
[48204 99155 63445 58444 27150 14932 67642 60636 30056 27605]
[72082 34814 34158 24488  9200 89596 10775 48364 17778 87997]
[73097 51836 14655 98390 52419 18416 53521 72569 14848 57950]
[ 6419 87515 24680 87099 74931 77386 17278 98769 36762 24559]
[71467 51250 10626 98682 65154 66000 29340 78868 24063 94590]
[21149 48198  3326 56878 99478 67180 29969 90241 73930 64871]
[ 19770  11858   5904  83588  90799  93004  29973  74069   2237 100890]
[30761 21747 55002  8975 23034 88575  3217 18575 22409  7347]
[15710 72977 80792 93110 10574 38581 99547 88496 36153 21236]
[ 6386  7469 15905 78498 59301 17476 84586 98906 68551 37515]
[58604  6449 52028 13052 57486 46587 84602 43263 31296  1077]
[95374  7165 57263 91060 60632 33094 79314 24710 30029 95135]
[86828 46495 30676 23072 15811 70953 78319  6472 30250 95975]
[  7776  99672  84318  88742 101374  49656  56712  13866  18226  58380]
[40331 13342 37192 35891 52937 37156 88115 49598 19435 47878]
[83007 40617 55906 11497 68041 94064 40841 87324 24355 78234]
[32083 43297 72049 98000 73499  5584 57370 81502 89100 18632]
[17155 42148 40656 13138 74732 91008 13160 26309 68881  6502]
[65819 30446 25815 99136 95572 71474 33843 34884  1364 41086]
[44779 41945 18817 47818 72750 43652 45794 30144 66561 31198]
[ 52830  73757 101284  94940  76811  16090  57220  65533  74355  46344]
[16347 33113 29759 32978 57580 99190 46088 74332 15842 20378]
[44775  9364 16084 40431 86939 62626 67058 76138 87993 87263]
[75615 18471 43423 47885 61540 17875 15446 90933 34520 33641]
[92233 30343  2081 16946 27068 56131 73547 73531 23554 15542]
[32373 99859 73260 95512 15355 20333 37608 45575 87413 94756]
[100460  89897  63491  18340  10568  40477  74760  10794  48394  71117]
[40722   242 18409 29269 49114 93370 14074 18677  1750  1116]
[27574 98033 41773 75145 26025 10312 72982 46376 60618 99783]
[42876 55628 94730 45379 99318 10703  7431 95368 19795 94092]
[ 66257 100526  17579  37665  19545  91471   9590   6611  38143  54701]
[ 23515  97513  22045  99858  90945  20240  77822 100980  93762   8597]
[ 6076 88086 23514 36641 10512 48856 57632 16451   756 90697]
[ 99295   2478  79558  61968  86700 101273   2685   5637  66925  20374]
[ 64811  14412  52056  86146 100015  26816  84870  66760 100425 100457]
[72319 76267 59851 32610 84594 28424 33863 29821 95366 58422]
[27598 56805 17000 93535 47240 50899   873 16299  2106 32394]
[24424 17056 76345 53821 81155 45668  7995 37558 11753 21002]
[95307 17564 59433 29802 60622 22235  6442 94252 95737 26663]
[100814  89193  63726  50548  69729  99000   9703  46579  21286  13067]
[ 44504 100347  59184  97998  38641  10723  58160  73882  90202  10936]
[ 7951 17822 66662 74090  9716    72 67985 63857 72782 48978]
[ 6250 62302 63744 17307 27320 95560   564  2683 27700 75147]
[101489    143  87376  93145  83600  22140  48319  73306  60714  30008]
[86770 42888 97549 16736 49821  4570 21598  8360 78606 32126]
[22934 19948 10306 25101   993 72691 48493   721 57960 48912]
[66540 42757 20588 17547 57831 72950 61046  4599 30435  6723]
[ 14220  90078  33423  28648  18431    322   9115  82911 101393  55718]
[55905 46089  4627 28169 51772 45913 77071  6492 87304 50905]
[26758 40054 61083 66774 54674 99888 36959  1170 45305 93663]
[25856 97753 88003 52176 37504 36924 34754 73584 98030 18994]
[ 7079 54593 96243 59364 34254 59232 29108 37154 65516 23367]
[ 14062  11323  14411  22117  30752 100584  47957 100009  45295  22507]
[42061 57953 31809   852 30611 41670 11021 88408 81894 17010]
[29210 56895 63269 49883 27089 99484 68644 28185 95324 58360]
[38142 92464 94021 39770 95173 75117 27292 93126 65027 45390]
[23921  6505 54908 10658  6564 20313 23804 34218 22267 29777]
[ 46281   3496  71067  61761  59147  75338  24832  42183  11951 101472]
[34763 59822 51477 21268 35033 17071 23656 30801 29691 26373]
[ 20812 101592  48017  93455  64006  27297  14993  48960  96468  96521]
[60964 47151 90167 57908  3264  5440 98471 30634 95982 49903]
[55911 63115  9285 55848 31055  1470 68183 41273 23851 14484]
[62579 26055 11245 26928 75179 42881 99517  6450 17438 58254]
[ 4332 47488 84963 71547 10930 10025 64028  7303 38593 95115]
[91009 22498 10156 33427 79033 62493  9177  2887 65566 73329]
[35119 74014 99595 87634 65140 42887 21577 14147 94106 45970]
[21345  9747 24500 54879 44453 61155 25310 39251 13816 78496]
[37545 44663 16775 63519  8543 89759 15796 84868 33413 88001]
[78233    59 73886 84136 68001 41696 58400 66509 32566 12355]
[86304 70194 61833 41604 63663 89102  1176 52165 27262 71065]
[88972 10135 21064 32504 42632 66684 99923 15517 93937 57813]
[91969 46588 19443 37519  8403  7985  6468 46794 19739 34528]
[  9382  93739  44523  95390 101595  96050  32054  55529  26935  37542]
[42998 90487 56822 55286 74908 29623 84740 18671 40743 65938]
[ 55498  71342   2054  76991 100872  42636    762  42997 100707  93719]
[44685 44874 94098 59532 11692 37446 76064 96543 15271 77222]
[88515 93154 23004 49881 65082 99862 36963 97422 49096 25996]
[24882 94221 88455 38324 61123 64963 16899 59228  4968 98242]
[  1147  46726  80377 100942  24496  26485  20562  77705   3594  45192]
[15494 23557 89399 41465 30068 14824 60886 99527 30115 47725]
[99435 87307 56992   318 42145 12357 48468 12589 53027  9135]
[14594  4946 24127 85073 41098 51335 45410 52411  1194   701]
[74032 42637 27597 95808  6118 34416 71923 83092 95660 75090]
[99499 31788 80484 97796 30667 94722 32598 99044 11445 17329]
[ 10548  56293 101466  33674   1756  49877     44  54713   9831  40914]
[24925 33477 17647 72956 30021 12372 56126 71399 11851 87344]
[49140 30765 88131  7462 54343 27978 37880  2239 19321 28072]
[ 44783 101493  92871  22156  14370  95062  21318  15173  32335 100218]
[86147 32917 57507 27835 12974 91162 22172 56696  3112 44650]
[31664 54920 81977 26775 93457 24349 32201 25600 50047 58438]
[48652 29702 29693 25659 88052 30977 98994 43473 31255 57439]
[86246 31551 83270 58689 37976 90438 39758 18354 38380 52338]
[ 59076  98798 101364  88234  82779  60977  56716  54638  72728  86698]
[ 29935 100247  20881  25735  77635  99801  62361  13173  81997  78733]
[22993 61132  2120  5180 58602 72730 37285  7078 10255 44660]
[16764 86862 89027 76118 49223  4771 14593 29211 66154 90401]
[99680 13921 15256 93153 41847 24027 99605  3642 13555 59692]
[57574 23039 69513  4107 72306 59341 54753 95840 45099 47189]
[ 62583  88060    995  23908  49897  15015  45718 101484  20515  25459]
[63856 14683 85077 99130  3944 86111 45287 49094 31135 27833]
[34863 19458 30025 99172 15990 75153 94313 23746 20765  1283]
[82780 45260 66545 11704  8215 47141 37431 38161 46537 42790]
[99441  3010 75901 96263 95155 36787 58787 17537 61139 96030]
[20768 82846 60708 14179 59424 51728 22160 49799 68245 47634]
[   45  4910 28629 65848 29080 59442 25443 35449 28300 18186]
[38090 33085 18427 96311 49090 27019 88467 85764 94242 31490]
[52182 42948 74307 40179 86710 14210 11281 87959 91000  2915]
[99696 86335 32165 48267 60520 37086  6234 17404 61103  9179]
[49786 99145 19495 74433 89200 24054 46792 14382 26823 35754]
[12169 99520 59853 69743 59418 86724 71763 65156 25797 39612]
[ 19461 101598   8745  56909 101603  42898  20526   9928  47802   7072]
[99451 17519  5989 55982 62240 53693 58012 24799 34683 98124]
[94091 34826 15632 32029 95097 28294 33635 89088  2873 87555]
[96254 37438 42853 14826 81188 22581  6852 92336 17615 65170]
[ 9470 42961 18295 14407 14816 55567 47091 58553 92199 95191]
[32945 59439 44193 17734 99651 57443 87942 72042 25193 66632]
[12044 15653 42296  7060 34040 41535 76353 59575 94910 37143]
[86373 15860 10729 43033 53499 32596 99248 49899 24363 87364]
[99722 24911  3690 18184 90159 14166 14474 89204 28747 25334]
[24689 59378 47313 17804 90819 29528 86117 31546 56858 58872]
[ 73452 100004  73446  72621    347  24712  44756  72615  21151  44519]
[59460 44787 42018 56967 89622 49039 39809 87182 27330 36377]
[98939 18296 93588 21148 49459 34304 62301 24616 92187  6058]
[ 5474 96544 38547 24410 61504   513 47137 66413 98246 43368]
[55917 64701 52944 98804 93504 62728 29987 63599 61328 96720]
[42693  6497  9469 12224 60702 30016 57372 29689 40579 56566]
[63482 54192 92958 93421 94151 45806   901 46472 15241 47682]
[56076 41755 29142 71244 24904 24209 16350 84012 23257 53238]
[14793 11050 52880 17418 84862 25855 66471 32968 19915 14879]
[99798 17941 99611 58928 87366 16716  2670 58414 11046  1493]
[ 9052 59462  1505 21767 27547 34661 91156 45126 15336 48922]
[21599 72797 93725 49353 14020 22055 25399 58057 29590 88019]
[ 6421 48120 22531 50100 77473 25515 78807 59334 45770 27529]
[12375 44702 97729 40330 45792 14186 99987 10630 33530 29633]
[ 92289  14847 100019     92  33233  94441  72637  62746  10604  30943]
[20591 58233 77542 37164 37744 81498 43182 99316 14917 75181]
[99690 15161 94668 19497 38303 36880 43584    58 20488  8945]
[ 46705 100393  76885  47967  99401  21219  57085    444  95300   8332]
[34305 87943 40025 22723 59657 98936 60830 90723 14465 51945]
[17805 28909   893 45636 14539 34811 42666 14547 55881 33397]
[ 9071 21951 48950 37359  7029 17743 99870 72487 20129 93531]
[ 83277  94885 100441  78154  78348  24676  30746  90038  87430  20252]
[ 92894 101590  30339  47162   6420  49233  13236  12734  49760  90075]
[73334 12947 62582 52126 47505 79386 30182 95765 95035  8686]
[ 11983 100442  75163  33498  58428  98095  22005 101009   1380  11162]
[ 7061 44647 29989  5811 99292 85213 92108 23886 56436 43598]
[47397 46321 18609 99531 32878  2799 39191 55465 62397 35584]
[99658 53998 57783 45117 27490 45841 34835 24482 94511 24115]
[101285  99748  24543  20000  71564  55910  66964  43596  59492  11627]
[58325 73342 67434 29546 25445 37090 99599  7025 48213 72220]
[61977 73561  8830 87385 62475 97266 57825  3851 90387 28052]
[11210 32743 11751 99056 26961 44624 15041 44758 78870 60751]
[ 1145 45785 98876 92028 55294  2205 55479 29997 65690  9859]
[32291 77660 95614  6548  7775 98820 64851 93487 38543 42600]
[98967  3926 61326 31542 54994 68269 72669 75923 36969 95043]
[37379 39434 34368 95057 57494 49711 99689 57755 88724 15216]
[67439 52057  3234 96307 62082 18068 10949 99164 15148 54888]
[92297 26714 99673 90855 71280 37275 27647 30880 10310 19245]
[22922 14402   626 24006 20864 97621 15691 55902 27295 21812]
[17471  6493 86501 32972 86410 30064 57449  8897  9909  2658]
[49085 99992 87415 52443 65518 55741 55583 88716 24965 93742]
[76882 21129  5442 47651 93553  6494 41674 99454 61587 15027]
[99899 70065 92316 84400 46508 11927 17788 43650 64853 58526]
[26503 31447 82913 96470 34669 53167 22698 91455 22299 28149]
[ 7698 57328 64933 98948 23841 63350 37309 14429  9268  2767]
[38383 99173 56251 65586 61736 16738 72045 96842 10123 75336]
[ 5918 64934 74171 30760 43697 92070 17500 99450 59295 91174]
[32063 62707 88726  4537 22731 11193 89626 62616 25521 96928]
[44757 74426 74061  6490 55974 57868 61205 53056 38059 91659]
[57963  6407 29938 94212 60692 48424 47093 33580 95860 39748]
[37432  9856   570 66349 50773 20761 38012 77961 31145 29709]
[97033 45235 16510 47804 94600 24688 74225 47537 76921 97898]
[31954 24700  4820 32003 99797 45911 92644 20522 22517  2843]
[ 4502 73988 21791 45966    24 37517 96129 66338 73335 17462]
[15835 15767 77085 22583 93266 24318 14903 53197 11233 13632]
[23842 41735 24367  4692 58432 50495 59120 26331 80463 52008]
[99786 48296  9363 47334 25352 11489 29353 39326 23036 24008]
[23399 82527 13614 18707 68121 71460 84754 44684 60472 28133]
[55941 11805 40745 52699 58730 60342  9025 14647 15554 66664]
[ 48356  33470   8893  64662  29637   6430  41426  75927  20214 101054]
[99175 93377 27829 44762 12925 15693 63826 75088 16586 56404]
[90934 99321 21487 61073  6858 22849 78027 29120  6264 71097]
[93783 48880 95049 37398 77275  6411 58755 15913 25057 15503]
[66191 93666 74195 46442 25892 63789 32455  6440   801 56163]
[ 21737 100397  91816  58528  95081  72822  63187  51949  11945   2475]
[57967 72195 25059 38621 59353 43415  5228 97665 23454 65930]
[99309 94061 27657 54881 10539  9657 81924 38497 29639 94994]
[32387 61202  6444 91475 63086 29981 21187 87514 86619  2144]
[58441 89360 38351  6484 15037 46316 92614 66884 93462 29661]
[ 4809 20146 51867 18872 72848 57170 35867 29126 87790 36213]
[93787 21154  7707 14508 28109 92056 88103  2067   977 29896]
[25305 92029 12296 16252 34204  6073 10470 53733  9209 90044]
[47074 24588 77447  2898 46882   159  6438 16559 55625   351]
[73261 52388     2 29048 95259 53489 20058 96828  1342 68944]
[94257 28008 30335  5473 10463 16571 16659 48481 83030 99807]
[16013 58399 17753 75169 93192 45942  1205 16412 62329 99799]
[85078 18359 53551 99525 72820 46698 72846  4945 57866 41125]
[58383 95275 61374 38203 79290 59633  2327 28538 94463 39237]
[25196 92388 30411 46418 11257 61518 97032 20016 32740 31534]
[64902 63594  4576 38169  2410  6418 22317 26848 27583 23784]
[43765  8173 66888 66312 45297 94818  3967 63771 92068 30409]
[51725   431 14229 33518 46696 94483 99126 56326 31540 44699]
[ 5620 46762 60896 60620 24075 99333 51907 92573 49012 40207]
[25188 26640 93738 69251   312 46803 88135 60590 49141 30674]
[65507 99622 71069 38683 29763  2747 98048 34208  4759 19673]
[67339 15370 14858  4879 54397 64961 92292 73598 26107 52671]
[55584 14955 26371 41295 47424   647 36172 17967 21628 10624]
[58513 99642 54973 58436  5737 31577 94232 63613 48900 87639]
[53766 29143 92672  8346 22209 48040 40701 48904 52967 11483]
[34331 36608 12128 56237 92895 38401 99444 13005   612 11237]
[43694  4450 64601 37506 58186 93186 97519 57682 13911 29295]
[53172 24354 19574 95610 10039 62570 46684 95376 72826 25370]
[15255 58387  1259 10826  7216 29400 14899 22686 61744 18372]
[79163 30966 87615 27535 37323 19362 51980  1126 72579 41676]
[73295 92293 56935  9331 28912 61091 37811 99430 29611 95638]
[42633 94711 98882 93812 91257 75716 19136 43261 20048 28798]
[61331 82180 20038 51718 74260 14777 96852  8901 92533 90557]
[47506 54928 29954 66002 52087 61718  6318 71305 38349 94928]
[99205 38584 34685  1438 42762 80054 21454 40561 30035 13495]
[43371 32721 12917 79336 65044 19313 29604 99713 61496 60492]
[34505 49678 37672 59744   169 98089 42716 38147 74173 30045]
[12019  7569  7132 14533 15207 56622 44646 24110 56694 28341]
[ 8013 31064 91856 56870 14504 82973 62084 29061 46144  9001]
[37430  6457 94541 44672 71466 19453 33909 96249 31859 97151]
[88126 18067 87561 29124 90318   341 78327 30967 41698 50546]
[34143 44492 33212  2467 91497 22615 33170  8743 59436  9463]
[28961 22171 72683   610 38941 66144  7240 51951 93356 90765]
[24617 16124 61192 22162 54592 32368 51387 86059 59621 11455]
[14408 34517 95245 33214 42066 99210 64880  6432 93864 96989]
[60709 14441 53327 71103 26184 54919 93671 26040 28668 71468]
[37150  6437  5506 63114 27569 94228 99038 38209 96830 18006]
[48318 95174 40880 19741 14974 72834 58565 99701  4668 92367]
[22790 99358 24478 53252 22609 17440 63507 50823 24678 87194]
[29424 13918 46704 23068 54963 28800 64792 91364 55651 30443]
[99887 16092 19401 83134 16429 18496 26153 63485 66083 73234]
[50474 24876 24949 54616 93566 24682 10709 43427 29979 72591]
[72460 99596 92005 94183 48197 40827  9782 56152 60876 31212]
[75691 30907 36509 86344 61308  6846 99357 15003  1105 94626]
[27078 98823 24065 37502 90428   115 78538 26299 45128 75793]
[ 10720  85699   5518  10975  66156   3991  33403 100013  32019 100817]
[51000 36545 98900  1860 57515 71198 52952 24427 45120 15562]
[ 5662  3928 26091 98998 72294 75028 84604 57962 94804 41668]
[12205 54978 42644 51899 68549 61802 26825 99182 12613 97780]
[ 2060  6471 73349 52296 36971  5848 21344 73646 31650 88825]
[38582 80267 43806  6601  4448 94632 65160  6470 36415 62557]
[ 93597   9561 100972  85423  21144  56488  48511  71912  26265   7489]
[ 33632  23298  87909 100309  72585  38447    128  94429  77593  10452]
[99323 99540 37421 50862 61536 40342 30995 83708 95590 19990]
[71241 17019   840 77792 78801 16364 69485 99456  6259 21368]
[52019 49038 18996 70650 28819 86561 99330 19582 10457 59299]
[ 78827 100444  48770  55525 100631  87733  47614  98874  62639  92276]
[ 9952 62304 18548 93868 21395 12454 54023 82555 56583  7703]
[90768 27686 47655  5755 12435 29703 12490 98986 16181 33587]
[24683 99055  2006 81336 72495 56800 74981 32408 94795 93582]
[88036 43498 11322 26738  1146 24804 42772 21799 39886 29971]
